8.648145221090011159e-01 3.694484568152058834e-01 1.570837582200252935e-01
9.495281020740892197e-01 6.045873910936930828e-01 5.918897509040055294e-01
8.244053963165554055e-02 9.939133349830103770e-01 1.795438101147406318e-02
9.845955451804793146e-01 6.914997371099036449e-01 9.807960346112271077e-01
6.493272465529587034e-01 1.816811720030323540e-01 3.821392722557743760e-01
3.517326829571127966e-01 7.423389126597533805e-01 3.736278412585203323e-02
4.144358982173614869e-01 4.455900721725966074e-01 8.772282863255241869e-01
7.913707822876275833e-01 2.433609460895413967e-02 6.051534192988117233e-02
6.765464628545296843e-01 3.860639936005153539e-01 2.558455058804035565e-01
3.474362661511440908e-01 8.369924025450408145e-01 3.406711418058987473e-01
3.399035709173094943e-01 1.860247339161197333e-01 3.141511292759243679e-01
4.127063132606946239e-01 3.293119317654102929e-01 7.895227224687914047e-01
1.408439550605914414e-01 5.075315181869864967e-01 8.926617658611304407e-01
6.554076453486630260e-01 7.159579249954598490e-01 1.615904833523142958e-01
1.261463422330000306e-02 6.913924263049654462e-01 2.299376151686682856e-02
4.568587604881532149e-01 4.529528733751396752e-01 5.482585152589829480e-01
6.058041995634103616e-01 8.065522600938349607e-01 5.541984310906837852e-01
7.829268947771856890e-01 6.593876980689723499e-01 3.293847353483642104e-01
3.207402528623559679e-01 6.292786367569004335e-01 6.982781131501478722e-01
5.024010833696648248e-01 5.412864870387809058e-01 4.371582910755207330e-01
9.893727481917469202e-02 5.207551133083363482e-01 9.583662336792231340e-02
