idx	shannonAA	shannonPROP	linearAA	linearPROP	renyiAA	renyiPROP	tsallisAA	tsallisPROP
1	1.279824	1.038034	0.663442	0.519333	1.640372	1.665753	-2.541845	-2.599849
2	0.814804	0.696574	0.373806	0.509138	1.393560	2.240373	-2.014558	-4.130852
3	0.846427	0.708147	0.379923	0.304791	1.461356	1.208092	-2.152975	-1.659011
4	0.393963	0.248797	0.211498	0.206806	0.643369	1.376036	-0.758899	-1.979535
5	1.343238	1.516622	0.628111	0.978422	1.719273	2.411158	-2.724603	-4.677384
6	0.921482	0.464405	0.560067	0.327708	1.116102	1.254583	-1.494528	-1.745064
7	0.399096	0.449783	0.161248	0.260774	0.909928	2.403328	-1.152233	-4.651292
8	0.006246	0.016448	0.001527	0.002290	0.053785	-4.979794	-0.054515	1.834163
9	0.231719	0.117353	0.091384	0.093404	0.609064	2.246887	-0.711981	-4.150853
10	1.257818	0.580284	0.672997	0.434150	1.489334	2.163914	-2.211479	-3.900896
11	1.076361	1.709319	0.544683	1.169597	1.637998	2.693693	-2.536456	-5.690562
12	0.863626	0.506327	0.527943	0.310695	1.231672	2.144057	-1.702407	-3.842600
13	1.102808	1.418373	0.553217	0.941655	1.596028	2.731313	-2.442250	-5.836588
14	0.911401	0.680578	0.522564	0.494080	1.255964	2.043670	-1.747651	-3.556578
15	0.159462	0.172128	0.048184	0.042391	0.671554	0.648809	-0.798055	-0.766413
16	0.694082	0.568818	0.381585	0.383719	1.008782	2.434783	-1.311954	-4.756727
17	1.894021	1.970543	0.823065	1.278666	2.130663	2.685726	-3.803601	-5.659988
18	0.646525	0.593054	0.388783	0.396338	0.955327	2.442255	-1.224605	-4.782019
19	0.672096	0.389077	0.413450	0.219275	0.972203	1.891658	-1.251930	-3.149895
20	1.267779	1.271866	0.671322	0.771257	1.559225	2.470823	-2.361254	-4.879588
21	0.846381	0.366540	0.490537	0.198438	1.041864	1.876160	-1.367192	-3.110143
22	0.616144	0.609482	0.365434	0.384706	0.992200	2.503426	-1.284607	-4.992652
23	0.018738	0.024688	0.004577	0.006864	0.157201	1.476677	-0.163544	-2.184913
24	1.581862	1.660160	0.719679	1.090780	1.991723	2.812365	-3.414111	-6.160699
25	1.185807	0.916749	0.563898	0.543671	1.653935	2.615138	-2.572749	-5.394348
26	0.221971	0.322657	0.077254	0.144987	0.761512	2.453965	-0.926781	-4.821841
27	0.232455	0.280366	0.074669	0.122316	0.820281	2.430762	-1.014060	-4.743156
28	0.000000	0.000000	0.000000	0.000000	0.000000	-inf	0.000000	2.000000
29	1.404284	1.595360	0.683481	0.922882	1.787985	2.651371	-2.889743	-5.529532
30	1.205629	0.955246	0.586507	0.617286	1.765739	2.604915	-2.835657	-5.356650
31	0.946057	0.879887	0.437469	0.480957	1.429943	2.099166	-2.088257	-3.712920
32	1.362210	1.123374	0.586566	0.652960	1.933499	2.703516	-3.258768	-5.728428
33	1.807292	1.512341	0.739860	0.862915	2.239042	2.809910	-4.126772	-6.150687
34	0.640106	0.904869	0.256521	0.336429	1.300711	0.592873	-1.832444	-0.690115
35	0.000000	0.000000	0.000000	0.000000	0.000000	-inf	0.000000	2.000000
36	0.000000	0.000000	0.000000	0.000000	0.000000	-inf	0.000000	2.000000
37	0.000000	0.000000	0.000000	0.000000	0.000000	-inf	0.000000	2.000000
38	0.785652	1.187256	0.302696	0.432266	1.554558	1.135401	-2.351089	-1.528411
39	1.218959	1.174235	0.480362	0.632680	1.912735	2.767695	-3.204454	-5.980450
40	2.097218	1.731622	0.835810	1.152139	2.435538	2.851718	-4.759280	-6.322862
41	1.347436	1.207409	0.689123	0.612860	1.607811	2.057111	-2.468499	-3.594044
42	1.622600	1.818479	0.757765	1.211463	1.933541	2.921848	-3.258877	-6.619882
43	0.024982	0.028417	0.006100	0.008388	0.206970	2.252888	-0.218058	-4.169337
44	0.702589	0.287494	0.387875	0.210770	1.101729	2.221316	-1.469504	-4.072711
45	0.043808	0.043881	0.012169	0.012941	0.264970	1.537687	-0.283324	-2.314540
46	0.099987	0.132842	0.030254	0.028060	0.448932	0.581730	-0.503308	-0.675168
47	1.155866	0.984991	0.512910	0.592972	1.724606	2.478604	-2.737219	-4.906404
48	0.167289	0.236337	0.056941	0.058493	0.561691	0.763870	-0.648499	-0.930234
49	0.217068	0.231429	0.074417	0.095609	0.741924	2.411306	-0.898256	-4.677879
50	0.866103	0.608158	0.480343	0.443252	1.228923	2.166959	-1.697321	-3.909886
51	0.426941	0.388245	0.173191	0.190877	0.997996	2.456106	-1.294140	-4.829150
52	0.160924	0.190694	0.070704	0.104557	0.362343	1.533598	-0.397241	-2.305729
53	0.176100	0.214756	0.058435	0.073671	0.636878	1.750170	-0.749960	-2.798158
54	0.203304	0.105050	0.069990	0.032659	0.729927	2.349765	-0.880922	-4.475524
55	1.289881	0.624463	0.695048	0.455782	1.416993	1.866094	-2.061870	-3.084487
56	1.018195	0.517279	0.594101	0.331718	1.144276	2.431621	-1.544103	-4.746052
57	2.579941	2.359107	0.912679	1.407461	2.708196	2.947712	-5.746532	-6.732075
58	0.636801	0.495456	0.256829	0.208493	1.247482	1.934778	-1.731791	-3.262131
59	2.100694	2.068879	0.820702	1.224679	2.427297	2.901838	-4.731486	-6.534066
60	2.296883	2.033674	0.862804	1.270232	2.569016	2.767006	-5.225781	-5.977702
61	2.286566	2.278631	0.864920	1.262191	2.557521	2.671265	-5.184368	-5.604802
62	0.224182	0.396235	0.071743	0.099253	0.805378	-0.520925	-0.991684	0.458610
63	0.000000	0.000000	0.000000	0.000000	0.000000	-inf	0.000000	2.000000
64	0.319016	0.579701	0.113380	0.160581	0.882240	0.000247	-1.108894	-0.000247
65	1.880761	1.705851	0.784667	1.057674	2.239257	2.821334	-4.127431	-6.197379
66	1.550668	1.406685	0.655148	0.874649	2.119667	2.791724	-3.771782	-6.076909
67	2.287274	1.884816	0.868018	1.060272	2.533188	2.846148	-5.097490	-6.299716
68	1.772675	1.545364	0.717197	0.910178	2.248653	2.758297	-4.156286	-5.943038
69	2.088685	1.946487	0.818416	1.135527	2.433672	2.837832	-4.752974	-6.265278
70	0.325268	0.305935	0.105114	0.123410	1.056469	2.482005	-1.391871	-4.918160
71	1.253615	1.034336	0.575062	0.687671	1.729748	2.546339	-2.749415	-5.144312
72	1.610227	1.345773	0.741924	0.818055	1.963141	2.240129	-3.337289	-4.130103
73	1.059765	1.278506	0.486756	0.817673	1.731384	2.708111	-2.753301	-5.746201
74	1.181470	1.058726	0.659998	0.675501	1.403804	2.373627	-2.035173	-4.553246
75	1.131144	0.873238	0.570424	0.548146	1.603450	2.264136	-2.458767	-4.204131
76	0.786740	0.760018	0.415374	0.469191	1.208025	2.582717	-1.658890	-5.275450
77	0.271057	0.168351	0.110612	0.074348	0.732681	1.648152	-0.884893	-2.559546
78	1.122211	1.125221	0.610346	0.759442	1.447954	2.340798	-2.125239	-4.446556
79	0.626559	0.523116	0.240304	0.262763	1.372056	2.534401	-1.971625	-5.101796
80	0.838659	0.414171	0.400583	0.213010	1.285434	1.729734	-1.803282	-2.749380
81	0.795420	0.682818	0.450524	0.448446	1.184330	2.500777	-1.615796	-4.983399
82	1.576208	1.984167	0.671746	1.242809	2.062375	2.664260	-3.608788	-5.578210
83	0.153320	0.106821	0.048136	0.043822	0.619453	2.345367	-0.726105	-4.461301
84	1.574073	1.178782	0.709198	0.656702	2.040437	2.525800	-3.547602	-5.071322
85	0.645681	0.576278	0.313587	0.340384	1.237905	2.518334	-1.713963	-5.044971
86	1.434478	1.311248	0.614754	0.785923	1.967301	2.708414	-3.348401	-5.747375
87	1.147809	0.894100	0.559421	0.419861	1.661079	2.355670	-2.589113	-4.494671
88	1.276952	1.115882	0.600200	0.663582	1.791297	2.526755	-2.897848	-5.074697
89	1.535866	1.470824	0.739720	0.873466	1.816565	2.501934	-2.960120	-4.987440
90	1.043606	1.411147	0.505916	0.866323	1.550353	2.807667	-2.341950	-6.141550
91	0.611406	0.251710	0.376377	0.190527	0.830956	1.359869	-1.030189	-1.947496
92	1.437321	1.272618	0.678700	0.603785	1.810940	2.099657	-2.946189	-3.714321
93	1.068503	0.774399	0.592853	0.382074	1.352472	1.695534	-1.932925	-2.668856
94	1.488388	1.202721	0.696770	0.611932	1.909577	2.543260	-3.196242	-5.133322
95	0.760997	0.571408	0.315300	0.312938	1.422684	2.499070	-2.073446	-4.977442
96	0.672290	0.395210	0.374107	0.205118	0.940940	1.849305	-1.201493	-3.041985
97	1.261206	1.285023	0.595085	0.770293	1.778604	2.452245	-2.866861	-4.815978
98	1.399464	1.130146	0.646910	0.709191	1.875029	2.626228	-3.107252	-5.435466
99	1.282518	1.569419	0.630662	0.988493	1.604666	2.557954	-2.461478	-5.185925
100	0.026990	0.015544	0.007615	0.006100	0.155786	2.232240	-0.162014	-4.105972
101	0.228901	0.179757	0.084484	0.085788	0.644245	2.348166	-0.760108	-4.470349
102	0.227972	0.016984	0.104280	0.005338	0.516091	2.227885	-0.588795	-4.092689
103	0.907173	0.490927	0.399023	0.312584	1.420157	2.370904	-2.068303	-4.544332
104	0.066332	0.034494	0.019721	0.014431	0.329357	2.250901	-0.358028	-4.163208
105	0.372227	0.159083	0.177272	0.098516	0.817084	2.311988	-1.009246	-4.354361
106	0.018738	0.027586	0.004577	0.006103	0.157201	1.488317	-0.163544	-2.209339
107	0.559266	0.502707	0.239028	0.242876	1.185313	2.529888	-1.617574	-5.085790
108	1.119036	1.034234	0.485180	0.520815	1.768907	2.357317	-2.843322	-4.500021
109	2.373899	2.266518	0.869560	1.386165	2.642426	2.937679	-5.495931	-6.688383
110	2.735069	2.410596	0.919834	1.406057	2.872117	2.846668	-6.408186	-6.301874
111	2.780164	2.367787	0.921659	1.391439	2.908740	2.895420	-6.563571	-6.506728
112	2.850561	2.355204	0.933893	1.366059	2.938024	2.836337	-6.689878	-6.259101
113	2.697836	2.247446	0.913923	1.297105	2.861052	2.734112	-6.361795	-5.847563
114	2.460922	2.255365	0.862832	1.213202	2.751002	2.548666	-5.914117	-5.152630
115	1.974667	2.018978	0.722389	0.996704	2.519739	2.209761	-5.049921	-4.037727
116	1.435947	1.656578	0.513200	0.683063	2.233625	1.723306	-4.110201	-2.734140
117	1.008788	1.302421	0.363385	0.492060	1.931180	1.293106	-3.252674	-1.817898
118	0.533614	0.800854	0.179131	0.245556	1.472174	0.523652	-2.175501	-0.598601
119	0.219689	0.377347	0.064499	0.086477	0.910900	-0.473597	-1.153765	0.421699
120	0.111138	0.204787	0.031770	0.042384	0.580634	-1.400281	-0.673703	1.006969
121	0.023923	0.049533	0.006099	0.007625	0.177556	-3.170221	-0.185676	1.590150
122	0.000000	0.000000	0.000000	0.000000	0.000000	-inf	0.000000	2.000000
123	0.000000	0.000000	0.000000	0.000000	0.000000	-inf	0.000000	2.000000
124	0.000000	0.000000	0.000000	0.000000	0.000000	-inf	0.000000	2.000000
125	0.017679	0.036262	0.004575	0.005341	0.127041	-3.651524	-0.131162	1.677810
126	0.059261	0.100895	0.015211	0.017504	0.404241	-2.225132	-0.447991	1.342571
127	0.179997	0.313257	0.049718	0.068659	0.899373	-0.730136	-1.135641	0.611701
128	0.367741	0.536020	0.116626	0.139658	1.186615	-0.037610	-1.619930	0.037258
129	0.831530	1.067316	0.283762	0.367713	1.814286	0.978497	-2.954469	-1.262180
130	1.258280	1.458609	0.443012	0.561084	2.150726	1.497352	-3.862114	-2.228398
131	1.726398	1.846877	0.612217	0.821653	2.439944	1.950212	-4.774186	-3.302895
132	2.235739	2.189736	0.801313	1.121941	2.659914	2.405176	-5.561762	-4.657442
133	2.467265	2.222564	0.871726	1.253301	2.750377	2.616083	-5.911646	-5.397845
134	2.441008	2.173026	0.873062	1.319746	2.725310	2.821983	-5.813103	-6.200035
135	2.380735	1.991722	0.865837	1.227774	2.682874	2.859329	-5.649072	-6.354593
136	1.582463	1.195714	0.678376	0.586062	2.179859	2.176154	-3.948128	-3.937120
137	0.836419	0.831264	0.288748	0.428915	1.800740	2.647783	-2.921026	-5.516036
138	1.948730	1.900998	0.796333	1.188793	2.362404	2.803293	-4.516577	-6.123766
139	0.068054	0.069000	0.021219	0.034846	0.297659	2.278248	-0.320950	-4.248060
140	0.091226	0.049003	0.028731	0.031049	0.386057	2.249989	-0.425835	-4.160401
141	0.575905	0.560057	0.230970	0.199326	1.171184	1.251546	-1.592108	-1.739382
142	0.100893	0.065462	0.037522	0.055522	0.328040	2.215573	-0.356476	-4.055300
143	0.263359	0.200727	0.093229	0.122140	0.788630	2.298275	-0.966735	-4.310940
144	1.232790	1.157799	0.629855	0.705315	1.651494	2.143716	-2.567173	-3.841604
145	0.229589	0.151811	0.099080	0.138948	0.574109	2.185319	-0.664993	-3.964389
146	0.409543	0.357919	0.175722	0.252205	0.928524	2.298833	-1.181680	-4.312703
147	0.474947	0.477553	0.283702	0.423271	0.693186	2.072035	-0.828481	-3.635944
148	0.506210	0.519505	0.295016	0.440863	0.785986	2.092817	-0.962816	-3.694812
149	0.541967	0.608703	0.356607	0.534911	0.612219	1.932949	-0.716262	-3.257321
150	1.775263	1.385607	0.810682	0.819280	1.993790	2.179783	-3.419710	-3.947902
151	1.831654	2.008900	0.791122	1.222786	2.111258	2.487401	-3.747566	-4.936848
152	1.559720	1.846072	0.703543	1.150410	1.982253	2.510124	-3.388536	-5.016113
153	1.014833	0.507820	0.565734	0.360917	1.217739	1.329953	-1.676703	-1.888890
154	0.327039	0.268878	0.161176	0.237263	0.700733	2.178967	-0.839175	-3.945477
155	0.229719	0.076834	0.109551	0.056389	0.467897	0.157402	-0.527158	-0.163762
156	1.187551	1.021937	0.619137	0.647783	1.530491	2.147570	-2.299044	-3.852870
157	0.709208	0.394640	0.502257	0.257615	0.783151	-0.205593	-0.958619	0.195379
158	1.646459	1.519806	0.745493	0.859572	1.947782	2.453236	-3.296456	-4.819358
159	0.955494	0.810087	0.467792	0.538112	1.440023	2.534309	-2.108914	-5.101471
160	1.103697	0.768038	0.598181	0.475426	1.451583	2.217592	-2.132732	-4.061415
161	0.401791	0.296766	0.152333	0.175375	0.962735	2.346975	-1.236571	-4.466499
162	1.481314	1.115765	0.737636	0.731513	1.690535	2.595604	-2.657202	-5.322480
163	0.928326	0.732754	0.495583	0.517381	1.295090	2.512912	-1.821687	-5.025899
164	1.065538	0.908783	0.582261	0.616606	1.449566	1.770856	-2.128565	-2.848042
165	0.129347	0.195575	0.042147	0.086339	0.499361	2.367258	-0.567231	-4.532411
166	1.389270	1.233628	0.700407	0.664745	1.707050	2.241040	-2.695817	-4.132897
167	1.188683	1.276441	0.584290	0.783314	1.560757	2.351218	-2.364596	-4.480230
168	0.891296	0.718999	0.530934	0.514700	1.123049	2.455826	-1.506686	-4.828194
169	0.843285	0.885014	0.411270	0.527468	1.271893	2.547171	-1.777619	-5.147287
170	0.639039	0.109573	0.355483	0.034711	0.993383	1.573511	-1.286551	-2.392519
171	0.878339	0.757280	0.535838	0.526424	1.221022	2.514375	-1.682744	-5.031040
172	0.012492	0.013256	0.003052	0.003816	0.106161	1.439707	-0.109030	-2.108265
173	1.512415	1.495683	0.706734	0.917970	1.838096	2.461969	-3.013805	-4.849200
174	1.133424	0.565499	0.605049	0.293057	1.532636	2.547924	-2.303658	-5.149978
175	1.018312	0.846516	0.464223	0.453696	1.533141	2.626595	-2.304745	-5.436829
176	1.299018	1.530557	0.613553	0.846748	1.834924	1.909023	-3.005859	-3.194803
177	0.000000	0.000000	0.000000	0.000000	0.000000	-inf	0.000000	2.000000
178	1.486612	1.748909	0.675038	0.950952	1.984351	2.339622	-3.394190	-4.442767
179	1.835529	1.528991	0.783531	0.889059	2.172432	2.726730	-3.926082	-5.818654
180	1.514457	1.485508	0.672574	0.849835	2.008328	2.584450	-3.459248	-5.281756
181	2.013704	1.834785	0.798695	1.169819	2.407197	2.871061	-4.664172	-6.403748
182	1.543225	1.764422	0.647726	0.911313	2.059635	2.024240	-3.601108	-3.502856
183	0.254110	0.506525	0.104923	0.154093	0.691727	-0.327101	-0.826419	0.301753
184	0.284963	0.481897	0.106076	0.140270	0.758374	-0.395498	-0.922192	0.358848
185	0.118527	0.201449	0.042010	0.045823	0.436355	-1.531028	-0.487616	1.069810
186	0.256691	0.477167	0.105477	0.138059	0.603542	-0.487294	-0.704503	0.432472
187	0.829223	1.264824	0.333670	0.488496	1.550837	1.198536	-2.343001	-1.641571
188	1.819303	1.585846	0.777936	0.868419	2.176643	2.458962	-3.938571	-4.838909
189	1.613732	1.438526	0.625293	0.832048	2.240211	2.799256	-4.130355	-6.107383
190	1.173837	0.800460	0.618094	0.495547	1.517458	2.247204	-2.271120	-4.151826
191	1.883901	1.741858	0.802550	1.115500	2.198132	2.806264	-4.002723	-6.135842
192	0.017679	0.025452	0.004575	0.007628	0.127041	2.257684	-0.131162	-4.184149
193	0.330603	0.193809	0.134560	0.095922	0.800597	2.349202	-0.984540	-4.473703
194	0.247235	0.337184	0.088908	0.100051	0.721822	0.917529	-0.869272	-1.164236
195	0.303143	0.510360	0.117012	0.159779	0.782205	1.199642	-0.957221	-1.643586
196	1.195485	1.032832	0.532787	0.626272	1.752621	2.599926	-2.804042	-5.338323
197	0.293149	0.377555	0.103295	0.109683	0.888375	1.014159	-1.118445	-1.320869
198	0.093491	0.138847	0.027258	0.054390	0.480046	2.342208	-0.542557	-4.451103
199	1.382819	1.261426	0.685032	0.715746	1.782604	2.337183	-2.876604	-4.434915
200	0.658413	0.503405	0.294975	0.288397	1.120747	2.425867	-1.502653	-4.726672
201	0.011433	0.021340	0.003051	0.004577	0.075216	0.149124	-0.076648	-0.154824
202	1.468012	1.317818	0.670097	0.856222	1.885646	2.571355	-3.134436	-5.234235
203	0.653040	0.751597	0.237720	0.321032	1.444842	2.135152	-2.118826	-3.816641
204	0.772163	0.379446	0.414604	0.206912	1.071285	1.806273	-1.417092	-2.934659
205	0.431181	0.253330	0.169770	0.096607	0.981413	1.741261	-1.266940	-2.776834
206	0.533837	0.463915	0.202669	0.207560	1.206005	2.539440	-1.655196	-5.119710
207	2.166254	2.068448	0.845931	1.305276	2.448448	2.899867	-4.803053	-6.525662
208	0.098246	0.176422	0.030245	0.037054	0.434644	-1.777379	-0.485488	1.177611
209	0.084014	0.196622	0.030133	0.045178	0.277234	-1.814821	-0.297368	1.192864
210	0.000000	0.000000	0.000000	0.000000	0.000000	-inf	0.000000	2.000000
211	0.000000	0.000000	0.000000	0.000000	0.000000	-inf	0.000000	2.000000
212	0.000000	0.000000	0.000000	0.000000	0.000000	-inf	0.000000	2.000000
213	0.000000	0.000000	0.000000	0.000000	0.000000	-inf	0.000000	2.000000
214	0.086964	0.199573	0.030153	0.045198	0.319162	-1.697715	-0.346039	1.144193
215	0.088939	0.201548	0.030197	0.045242	0.305638	-1.735010	-0.330228	1.160004
216	1.657750	1.746744	0.721528	1.057222	2.040050	2.842524	-3.546529	-6.284689
217	1.116039	0.889842	0.512841	0.461363	1.696952	2.597209	-2.672168	-5.328361
218	1.934229	1.575327	0.817895	0.866883	2.239755	2.659696	-4.128957	-5.560938
219	0.796888	1.309744	0.471375	0.882399	1.173133	2.160939	-1.595610	-3.892125
220	1.529630	1.695632	0.714086	0.919575	1.939180	2.196564	-3.273725	-3.998019
221	0.817425	0.707069	0.397396	0.421565	1.427357	2.572779	-2.082975	-5.239387
222	0.155679	0.227068	0.046693	0.087243	0.670661	2.437876	-0.796805	-4.767185
223	0.814108	0.453786	0.508959	0.294243	1.106548	2.226881	-1.477875	-4.089633
224	0.274296	0.400709	0.131204	0.133699	0.591344	1.010118	-0.688059	-1.314166
225	1.468713	1.173639	0.699067	0.770723	1.845918	2.622451	-3.033452	-5.421439
226	0.091180	0.095828	0.027245	0.023494	0.446902	1.609746	-0.500768	-2.472826
227	0.090758	0.090465	0.027259	0.027229	0.403885	1.574229	-0.447556	-2.394095
228	0.171499	0.169540	0.055503	0.070681	0.646986	2.368962	-0.763893	-4.537980
229	0.090456	0.022867	0.033095	0.006102	0.286913	2.247681	-0.308514	-4.153296
230	0.168667	0.152117	0.051147	0.059521	0.697185	2.364848	-0.834143	-4.524545
231	1.444343	1.615178	0.660798	1.100085	1.926459	2.774379	-3.240289	-6.007165
232	0.300926	0.384784	0.111586	0.164196	0.810085	2.499362	-0.998733	-4.978459
233	0.305202	0.266680	0.106276	0.113145	0.895677	2.431178	-1.129852	-4.744559
234	0.139307	0.325442	0.060681	0.091022	0.298897	-1.266222	-0.322388	0.938125
235	0.158872	0.345007	0.061106	0.091447	0.414231	-1.022090	-0.460249	0.800263
236	0.779886	0.422704	0.421308	0.259273	1.265562	2.353391	-1.765680	-4.487276
237	1.515189	1.346958	0.719780	0.803914	1.885546	2.750454	-3.134181	-5.911950
238	0.864925	1.191178	0.529172	0.781694	1.155925	2.424851	-1.564807	-4.723255
239	0.827943	0.770238	0.470044	0.498502	1.221652	2.553121	-1.683904	-5.168581
240	0.142898	0.142158	0.060728	0.060011	0.342288	1.565107	-0.373323	-2.374099
241	0.921425	0.769202	0.406216	0.428893	1.517925	2.601069	-2.272118	-5.342517
242	0.149679	0.079566	0.055312	0.019525	0.437559	1.542680	-0.489113	-2.325326
243	0.735976	0.605256	0.382166	0.367978	1.208525	2.514769	-1.659804	-5.032427
244	1.169406	1.366941	0.648502	0.958632	1.436407	2.617293	-2.101492	-5.402322
245	0.811712	0.815344	0.384855	0.414569	1.253091	2.148679	-1.742271	-3.856115
246	0.814353	0.649744	0.432569	0.262093	1.197147	1.439132	-1.639043	-2.107084
247	1.292756	1.154206	0.668840	0.680285	1.556025	2.196816	-2.354281	-3.998775
248	0.758568	1.105971	0.342168	0.594197	1.312509	2.243227	-1.855118	-4.139607
249	0.011433	0.001527	0.003051	0.001526	0.075216	2.196715	-0.076648	-3.998472
250	1.121559	1.950452	0.607834	1.187404	1.442270	2.527295	-2.113532	-5.076608
251	0.276079	0.065590	0.119972	0.021247	0.634939	2.286741	-0.747295	-4.274651
252	1.319689	1.365443	0.674539	0.909754	1.724471	2.751581	-2.736900	-5.916408
253	0.033307	0.005333	0.010638	0.005319	0.136158	2.195439	-0.140900	-3.994645
254	0.278935	0.154400	0.113698	0.071162	0.706215	2.351219	-0.846968	-4.480234
255	0.012492	0.022400	0.003052	0.004579	0.106161	1.477773	-0.109030	-2.187206
256	1.553635	1.556209	0.603292	0.805562	2.164820	2.142404	-3.903570	-3.837772
257	1.548064	1.692865	0.695794	0.953181	1.932091	2.452612	-3.255068	-4.817229
258	1.898406	1.702589	0.789622	1.030731	2.265079	2.849448	-4.207057	-6.313423
259	1.933609	1.995106	0.776923	1.219812	2.321578	2.931394	-4.384902	-6.661119
260	1.643622	1.283198	0.654682	0.717655	2.212185	2.713850	-4.045049	-5.768461
261	1.276386	1.583131	0.608748	0.880102	1.863713	1.987168	-3.078439	-3.401795
262	0.329733	0.545934	0.118922	0.151464	0.944231	-0.131864	-1.206766	0.127611
263	0.006246	0.016448	0.001527	0.002290	0.053785	-4.979794	-0.054515	1.834163
264	0.000000	0.000000	0.000000	0.000000	0.000000	-inf	0.000000	2.000000
265	0.000000	0.000000	0.000000	0.000000	0.000000	-inf	0.000000	2.000000
266	0.000000	0.000000	0.000000	0.000000	0.000000	-inf	0.000000	2.000000
267	0.000000	0.000000	0.000000	0.000000	0.000000	-inf	0.000000	2.000000
268	0.000000	0.000000	0.000000	0.000000	0.000000	-inf	0.000000	2.000000
269	0.000000	0.000000	0.000000	0.000000	0.000000	-inf	0.000000	2.000000
270	0.000000	0.000000	0.000000	0.000000	0.000000	-inf	0.000000	2.000000
271	0.000000	0.000000	0.000000	0.000000	0.000000	-inf	0.000000	2.000000
272	0.000000	0.000000	0.000000	0.000000	0.000000	-inf	0.000000	2.000000
273	0.000000	0.000000	0.000000	0.000000	0.000000	-inf	0.000000	2.000000
274	0.000000	0.000000	0.000000	0.000000	0.000000	-inf	0.000000	2.000000
275	0.000000	0.000000	0.000000	0.000000	0.000000	-inf	0.000000	2.000000
276	0.000000	0.000000	0.000000	0.000000	0.000000	-inf	0.000000	2.000000
277	0.000000	0.000000	0.000000	0.000000	0.000000	-inf	0.000000	2.000000
278	0.000000	0.000000	0.000000	0.000000	0.000000	-inf	0.000000	2.000000
279	0.000000	0.000000	0.000000	0.000000	0.000000	-inf	0.000000	2.000000
280	0.000000	0.000000	0.000000	0.000000	0.000000	-inf	0.000000	2.000000
281	0.000000	0.000000	0.000000	0.000000	0.000000	-inf	0.000000	2.000000
282	0.060866	0.114085	0.016718	0.022020	0.353460	-2.446287	-0.386617	1.411393
283	1.165255	1.503977	0.498849	0.637383	1.824342	1.557002	-2.979443	-2.356410
284	2.473405	1.966734	0.883295	1.165435	2.712875	2.742724	-5.764676	-5.881428
285	2.135205	1.994536	0.795289	1.092667	2.530912	2.591033	-5.089417	-5.305765
286	2.403976	2.109753	0.885497	1.257825	2.653065	2.772283	-5.535910	-5.998775
287	1.191568	0.994144	0.599365	0.642374	1.758279	2.635818	-2.817652	-5.471206
288	0.050103	0.058079	0.013690	0.018256	0.295167	1.546861	-0.318060	-2.334376
289	0.033893	0.013112	0.009138	0.008383	0.212871	2.213040	-0.224612	-4.047635
290	1.234472	1.362302	0.627130	0.970067	1.607227	2.315842	-2.467195	-4.366616
291	0.106066	0.082790	0.039019	0.060750	0.346731	2.247679	-0.378602	-4.153288
292	0.122868	0.081921	0.046372	0.066573	0.376640	2.212257	-0.414439	-4.045267
293	0.662383	0.327430	0.286787	0.236488	1.244327	2.274600	-1.725909	-4.236676
294	0.813686	0.418800	0.525878	0.301357	0.997582	1.980447	-1.293458	-3.383671
295	1.145951	1.143350	0.613114	0.795400	1.537073	2.383419	-2.313216	-4.585409
296	1.017750	0.566836	0.571089	0.378971	1.435251	2.115435	-2.099121	-3.759580
297	1.007164	1.164977	0.580504	0.830382	1.265791	2.250754	-1.766110	-4.162756
298	0.000000	0.000000	0.000000	0.000000	0.000000	-inf	0.000000	2.000000
